rank,id,subreddit,permalink,author,title,score,upvote_ratio,num_comments,author_flair_text,created_utc,over_18,edited,stickied,locked,is_original_content
1,14idzoi,facepalm,/r/facepalm/comments/14idzoi/apparently_needing_a_drink_of_water_isnt_manly/,Piccolo-Sufficient,Apparently needing a drink of water isn’t manly enough,10300,0.94,1660,,1687671447.0,False,False,False,False,False
2,14ibzrf,PrequelMemes,/r/PrequelMemes/comments/14ibzrf/sucks_that_we_are_on_ewansposting_instead_of/,nickonreddit123,Sucks that we are on ewansposting instead of businesses as usual.,11701,0.94,103,,1687664862.0,False,False,False,False,False
3,14i8s1q,Damnthatsinteresting,/r/Damnthatsinteresting/comments/14i8s1q/what_happens_when_you_throw_an_apple_from_an/,ledim35,What happens when you throw an apple from an offshore oil rig,43215,0.93,1281,,1687654922.0,False,False,False,False,False
4,14i9t97,ContagiousLaughter,/r/ContagiousLaughter/comments/14i9t97/its_on/,Cholai_214,It's on ,13317,0.94,432,,1687658016.0,False,False,False,False,False
5,14i9cd2,gaming,/r/gaming/comments/14i9cd2/good_or_bad_games_it_doesnt_matter_i_have_massive/,Modo97,"Good or bad games? it doesn't matter, I have massive respect for games that still support Split-Screen ❤️",14198,0.93,581,,1687656612.0,False,False,False,False,False
6,14i9u8l,funny,/r/funny/comments/14i9u8l/the_coolest_12_year_old_ive_ever_seen_in_my_life/,Cold_Version_1689,The coolest 12 year old I've ever seen in my life ,9615,0.94,205,,1687658108.0,False,False,False,False,False
7,14i83ko,mildlyinfuriating,/r/mildlyinfuriating/comments/14i83ko/roofers_picked_all_my_fruit/,Bayareathrifted,Roofers picked all my fruit,18105,0.94,1452,,1687652877.0,False,False,False,False,False
8,14i7i01,MadeMeSmile,/r/MadeMeSmile/comments/14i7i01/helping_mommy/,IkilledRichieWhelan,Helping Mommy,31410,0.92,350,,1687651171.0,False,False,False,False,False
9,14i8cnl,wallstreetbets,/r/wallstreetbets/comments/14i8cnl/found_my_new_side_hustle/,rylar,found my new side hustle,11405,0.96,177,Supports a 🅱️arfield Ethnostate :Barfield:,1687653638.0,False,False,False,False,False
10,14i6935,oddlysatisfying,/r/oddlysatisfying/comments/14i6935/beautiful_4464ct_amethyst/,Gh0stDestr0y,Beautiful 44.64CT Amethyst,25055,0.96,314,Flair Loading...,1687647709.0,False,False,False,False,False
11,14icv54,antiwork,/r/antiwork/comments/14icv54/and_this_is_why_there_is_a_rush_to_get_us_back_in/,Vdaniels1,And this is why there is a rush to get us back in the office,3910,0.97,410,,1687667684.0,False,False,False,False,False
12,14i7iu6,space,/r/space/comments/14i7iu6/i_grew_up_amazed_by_the_famous_pillars_of/,theillini19,I grew up amazed by the famous Pillars of Creation photo of the Hubble Space Telescope. I never imagined I would one day be able to capture this nebula from my backyard.,10847,0.97,153,,1687651234.0,False,False,False,False,False
13,14iasvz,RandomThoughts,/r/RandomThoughts/comments/14iasvz/do_u_ever_feel_kinda_compelled_to_write_ur/,chesnutpraline,do u ever feel kinda compelled to write ur opinion in a comment but then get kinda tired while writing it and give up after deciding u dont really care enough in the moment to comment and erase it?,5707,0.94,844,,1687661058.0,False,False,False,False,False
14,14i6eo3,quityourbullshit,/r/quityourbullshit/comments/14i6eo3/the_reddit_admins_believe_that_this_sub_is_for/,Devonmartino,"The Reddit admins believe that this sub is for them, not ordinary Redditors, and we are happy to oblige: From now on, all QYBS posts must be related to lies/BS about Reddit, Reddit Inc., its admins, and related topics.",17515,0.86,763,Source: I made it up,1687648142.0,False,1687648383.0,True,False,False
15,14i9900,news,/r/news/comments/14i9900/mexico_city_holds_mass_celebration_for_samesex/,AgileNetwork7,"Mexico City holds mass celebration for same-sex weddings, gender ID changes",7286,0.91,116,,1687656332.0,False,False,False,False,False
16,14i5e3x,meirl,/r/meirl/comments/14i5e3x/meirl/,420orsomething-,Meirl,25109,0.96,650,,1687645363.0,False,False,False,False,False
17,14ibqfj,dankmemes,/r/dankmemes/comments/14ibqfj/fuck_this_shit_show/,thetruememeisbest,fuck this shit show,4822,0.98,47,:nu:☣️,1687664024.0,False,False,False,False,False
18,14iawpv,oddlyterrifying,/r/oddlyterrifying/comments/14iawpv/pet_king_cobra_gets_angry_at_owner/,RIPStengel,Pet king cobra gets angry at owner.,5198,0.96,257,,1687661397.0,False,False,False,False,False
19,14i6wnc,OldSchoolCool,/r/OldSchoolCool/comments/14i6wnc/one_of_my_friend_groups_from_high_school_class_of/,dustin91,"One of my friend groups from high school, class of ‘87 (pic from ‘88 or ‘89)",10045,0.95,586,,1687649487.0,False,False,False,False,False
20,14ib9x3,comics,/r/comics/comments/14ib9x3/napsoc/,Sleepy-wun,Naps…[OC],4168,0.96,45,,1687662542.0,False,False,False,False,False
21,14i3nun,todayilearned,/r/todayilearned/comments/14i3nun/til_michael_jacksons_billy_jean_was_a_real/,ultimateunbannable,"TIL Michael Jackson's ""Billy Jean"" was a real stalker who sent Jackson multiple letters claiming he was the father of one of her twins, culminating in sending him a handgun and an invitation to a murder-suicide. It was also based on multiple women who harassed his brothers while in the Jackson 5.",30255,0.93,735,,1687640847.0,True,False,False,False,False
22,14i45th,PublicFreakout,/r/PublicFreakout/comments/14i45th/unhinged_woman_feels_harassed/,lplarryp,Unhinged woman feels harassed ,18988,0.94,2110,,1687642119.0,False,False,False,True,False
23,14id1l7,NonPoliticalTwitter,/r/NonPoliticalTwitter/comments/14id1l7/how_true_is_this/,lhomme21,How true is this,2837,0.95,139,:blue1::blue2::1111::1112:,1687668289.0,False,False,False,False,False
24,14ie2lj,memes,/r/memes/comments/14ie2lj/ghost_of_medieval_tsushima/,big-daddy-virgin,Ghost of Medieval Tsushima,2548,0.97,22,,1687671717.0,False,False,False,False,False
25,14iakx7,therewasanattempt,/r/therewasanattempt/comments/14iakx7/to_be_nice_to_the_monkeys/,MonsterloverXiangXao,to be nice to the monkeys,4684,0.95,374,,1687660366.0,False,False,False,False,False
26,14i8ag8,TedLasso,/r/TedLasso/comments/14i8ag8/id_like_to_think_all_of_our_lives_changed_after/,fn_bot17,I’d like to think all of our lives changed after Ted Lasso,6316,0.93,257,,1687653444.0,False,False,False,False,False
27,14i994d,ukraine,/r/ukraine/comments/14i994d/least_year_russian_occupiers_kidnapped_16yo/,ibloodylovecider,"Least year, russian occupiers kidnapped 16yo Tigran Oganesyan and his friend. Today, they took revenge, two Russians occupiers in the Russian-occupied city of Berdyanskwete killed. This video was recorded before the teens were killed in a shoot-out with the police. RIP heroes that were too young 🌻",5381,0.95,157,UK,1687656341.0,True,False,False,False,False
28,14i7wmg,shitposting,/r/shitposting/comments/14i7wmg/praise_spez_the_fishing_king/,FourBloodMoons,Praise Spez the fishing king,8181,0.97,43,,1687652313.0,False,False,False,False,False
29,14ic6sh,HumansBeingBros,/r/HumansBeingBros/comments/14ic6sh/a_spooked_horse_found_itself_stuck_in_a_swimming/,alanboston,A spooked horse found itself stuck in a swimming pool in Florida. The county's fire rescue team jumped into action,3073,0.94,123,,1687665508.0,False,False,False,False,False
30,14icyb7,AdviceAnimals,/r/AdviceAnimals/comments/14icyb7/this_is_happening_more_the_older_i_get/,Deftlyskyjack67,This is happening more the older I get,2671,0.94,130,,1687667984.0,False,False,False,False,False
31,14iavsq,baseball,/r/baseball/comments/14iavsq/david_fletcher_hr_makes_it_230_angels_in_the_4th/,TVloverCam,DAVID FLETCHER HR MAKES IT 23-0 ANGELS IN THE 4TH!!,3661,0.96,408,Los Angeles Angels :laa1:,1687661313.0,False,False,False,False,False
32,14i3oy1,agedlikemilk,/r/agedlikemilk/comments/14i3oy1/3200_year_old_cheese_found_in_an_egyptian_tomb/,ChanceryTheRapper,3200 year old cheese found in an Egyptian tomb,23876,0.95,1260,,1687640930.0,False,False,False,False,False
33,14id7jw,Superstonk,/r/Superstonk/comments/14id7jw/why_i_love_this_company/,GinoF2020,Why I love this company,2784,0.94,60,,1687668859.0,False,False,False,False,False
34,14ibf9l,cats,/r/cats/comments/14ibf9l/can_someone_explain_to_me_why_my_cat_will_just/,takeaabreath,Can someone explain to me why my cat will just sit and stare at me for minutes at a time? What does this mean in a cat’s world?,3304,0.99,323,,1687663019.0,False,False,False,False,False
35,14ic81v,NotHowGirlsWork,/r/NotHowGirlsWork/comments/14ic81v/disgusting_this_needs_to_be_shown_everywhere/,gummibear4567876,"Disgusting, this needs to be shown everywhere",2879,0.9,549,,1687665622.0,False,False,False,False,False
36,14i28oi,JustGuysBeingDudes,/r/JustGuysBeingDudes/comments/14i28oi/saving_an_owl/,pun420,Saving an Owl,30821,0.96,477,,1687637172.0,False,False,False,False,False
37,14i5twb,HydroHomies,/r/HydroHomies/comments/14i5twb/not_a_hydrohomie/,happyfuckincakeday,Not a Hydrohomie,9532,0.95,558,,1687646544.0,False,False,False,False,False
38,14i6y0l,AnarchyChess,/r/AnarchyChess/comments/14i6y0l/no_idea_how_this_is_still_happening_but_id_this/,Not_a_trowaway12323,"No idea how this is still happening, but I'd this post gets 65,536 comments I'll post again with double the amount of demented horses",8954,0.82,9365,:cutehorse:,1687649589.0,False,False,False,False,False
39,14i9dl9,ProgrammerHumor,/r/ProgrammerHumor/comments/14i9dl9/theword/,shaongit,theWord,4268,0.97,38,,1687656704.0,False,False,False,False,False
40,14i3h6l,HolUp,/r/HolUp/comments/14i3h6l/no_one_has_gotten_as_far_as_he_did/,Cr33p3rFri3nd,No one has gotten as far as he did,20850,0.95,262,,1687640407.0,False,False,False,False,False
41,14i6i11,conservativeterrorism,/r/conservativeterrorism/comments/14i6i11/the_enemy_within_as_this_anti_american_gorilla_is/,waxjammer,The enemy within as this Anti American gorilla is essentially undermining our intelligence and CIA with reckless disregard for our national security interests.,6725,0.92,508,,1687648397.0,False,False,False,False,False
42,14i45bv,TikTokCringe,/r/TikTokCringe/comments/14i45bv/actual_footage_of_redditors_today/,Chocolat3City,Actual footage of redditors today!,11379,0.95,158,tHiS iSn’T cRiNgE,1687642081.0,False,False,False,False,False
43,14i2tqd,BrandNewSentence,/r/BrandNewSentence/comments/14i2tqd/if_you_whacked_me_with_a_ford_explorer/,Fr3nchT0astCrunch,If you whacked me with a Ford Explorer,18948,0.97,214,,1687638703.0,False,False,False,False,False
44,14ibxy6,wholesomememes,/r/wholesomememes/comments/14ibxy6/want_to_share_it_with_the_whole_class/,RosellaYama,"""Want to share it with the whole class?""",2776,0.99,18,,1687664712.0,False,False,False,False,False
45,14i61nh,tumblr,/r/tumblr/comments/14i61nh/whats_your_fave/,Justthisdudeyaknow,What's your fave?,8850,0.93,252,,1687647142.0,False,False,False,False,False
46,14i5ro7,nextfuckinglevel,/r/nextfuckinglevel/comments/14i5ro7/a_protagonistlevel_shot/,TheDancingDoge,A Protagonist-Level Shot,8542,0.97,190,,1687646374.0,False,False,False,False,False
47,14i8oc3,Damnthatsinteresting,/r/Damnthatsinteresting/comments/14i8oc3/video_footage_from_a_previous_titan_journey/,BlueMagma212,Video footage from a previous Titan journey ,31001,0.92,1511,,1687654629.0,False,False,False,False,False
48,14i6aee,LateStageCapitalism,/r/LateStageCapitalism/comments/14i6aee/this_is_how_you_do_it/,futurefemboy3,This is how you do it,6777,0.96,200,,1687647803.0,False,False,False,False,False
49,14iaqhi,Genshin_Impact,/r/Genshin_Impact/comments/14iaqhi/the_perfect_transition_of_71_characters_by/,soulsilk524,The Perfect Transition of 71 Characters by MMOJACKX57 YT,3383,0.95,83,,1687660857.0,False,False,False,False,False
50,14idjrl,BeAmazed,/r/BeAmazed/comments/14idjrl/amazing_octopus_stretching_its_tentacles_to_form/,XahidX,Amazing Octopus stretching its tentacles to form a huge balloon,1938,0.98,86,,1687669967.0,False,False,False,False,False
51,14i7ycb,AmItheAsshole,/r/AmItheAsshole/comments/14i7ycb/aita_for_being_pissed_there_was_no_alcohol_at_a/,NoAlcWedding12345,AITA for being pissed there was no Alcohol at a wedding,5725,0.81,4142,,1687652446.0,False,False,False,False,False
52,14i1kuy,WhitePeopleTwitter,/r/WhitePeopleTwitter/comments/14i1kuy/nepo_baby_on_nepo_baby_violence_is_tearing_this/,thatguy9684736255,Nepo baby on Nepo baby violence is tearing this country apart,20309,0.95,464,,1687635494.0,False,False,False,False,False
53,14i3y42,MurderedByWords,/r/MurderedByWords/comments/14i3y42/very_accurate_description/,cyaron12,very accurate description,10246,0.95,167,,1687641568.0,False,False,False,False,False
54,14i3usr,worldnews,/r/worldnews/comments/14i3usr/billions_of_roubles_prigozhin_claims_russian/,SaintBiggusDickus,Billions of roubles: Prigozhin claims Russian forces have found a van and 2 buses containing boxes of his money,9458,0.96,742,,1687641338.0,False,False,False,False,False
55,14i29hu,lotrmemes,/r/lotrmemes/comments/14i29hu/cause_fck_them_old_people/,Alternative_Serve368,'Cause f*ck them old people ,15044,0.96,57,,1687637231.0,False,False,False,False,False
56,14iatn6,HyruleEngineering,/r/HyruleEngineering/comments/14iatn6/thatll_be_250k_please/,itsbildo,That'll be $250k please,2841,0.95,98,,1687661122.0,False,False,False,False,False
57,14i90a1,nursing,/r/nursing/comments/14i90a1/anyone_hiring/,Frosty-Fact21,Anyone hiring?,3787,0.95,211,"BSN, RN 🍕",1687655629.0,False,False,False,False,False
58,14i0xk8,pics,/r/pics/comments/14i0xk8/john_olivers_guide_to_a_more_effective_form_of/,WolfgangVolos,John Oliver's Guide To A More Effective Form of Protest,35603,0.87,1097,,1687633821.0,False,False,False,False,False
59,14i6k1y,Eyebleach,/r/Eyebleach/comments/14i6k1y/scribble_is_getting_so_big/,Starchscreech,Scribble is getting so big!,5849,0.97,79,,1687648552.0,False,False,False,False,False
60,14i2la7,Animemes,/r/Animemes/comments/14i2la7/he_forgor/,IDontKnowANam3,He forgor,17622,0.94,426,,1687638078.0,False,False,False,False,False
61,14ibjba,Weird,/r/Weird/comments/14ibjba/opened_a_can_of_peaches_and_they_were_black_and/,Elly_frog,opened a can of peaches and they were black and smelt like fish??,2493,0.95,681,,1687663376.0,False,False,False,False,False
62,14i9aey,WTF,/r/WTF/comments/14i9aey/uhh_wtf_is_this/,Full_Guava_4780,Uhh wtf is this,3386,0.95,614,,1687656444.0,False,False,False,False,False
63,14i57pg,OneOrangeBraincell,/r/OneOrangeBraincell/comments/14i57pg/arthur_refused_to_leave_him_until_his_friend/,FloofySamoyed,Arthur refused to leave him until his friend crossed. He used the brain cell for good. ♥️,7017,0.97,100,,1687644888.0,False,False,False,False,False
64,14i12vs,diablo4,/r/diablo4/comments/14i12vs/so_i_started_a_queue_and_random_people_just_joined/,doislan,So I started a queue and random people just joined,15456,0.94,498,,1687634198.0,False,False,False,False,False
65,14i06vl,politics,/r/politics/comments/14i06vl/ron_desantis_campaign_close_to_being_overexgop/,Miguenzo,Ron DeSantis campaign 'close to being over'—Ex-GOP governor,24563,0.92,2141,,1687631907.0,False,False,False,False,False
66,14i6rrc,terriblefacebookmemes,/r/terriblefacebookmemes/comments/14i6rrc/this_was_in_another_group/,Dinoman0101,This was in another group,5482,0.91,271,,1687649131.0,False,False,False,False,False
67,14i9iqp,inthenews,/r/inthenews/comments/14i9iqp/rfk_jr_lashes_out_at_rolling_stone_after_article/,lucerousb,RFK Jr. Lashes Out at Rolling Stone After Article Shows GOP Link to Presidential Run: ‘Establishment Propaganda’,3060,0.94,396,,1687657142.0,False,False,False,False,False
68,14i2s6x,2westerneurope4u,/r/2westerneurope4u/comments/14i2s6x/that_is_the_most_underwhelming_end_of_a_civil_war/,FreakShowRed7,That is the most underwhelming end of a civil war I have ever seen. 0/10.,9774,0.96,335,:European: European,1687638592.0,False,False,False,False,False
69,14i7q97,whenthe,/r/whenthe/comments/14i7q97/title/,thepositivepandemic,title,4447,0.98,158,[deleted],1687651815.0,False,False,False,False,False
70,14i63hl,discordVideos,/r/discordVideos/comments/14i63hl/i_cant_listen_to_this_without_getting_emotional/,HallowLaser84,I cant listen to this without getting emotional,6117,0.96,141,,1687647293.0,False,False,False,False,False
71,14ic2fe,Grimdank,/r/Grimdank/comments/14ic2fe/the_fire_of_vulcan_burns_brothers/,YaGrimboi,The fire of Vulcan burns brothers,1954,0.97,74,,1687665099.0,False,False,False,False,False
72,14ia62e,nope,/r/nope/comments/14ia62e/surprise/,mortifieddrillin,surprise 🥳,2733,0.9,295,,1687659085.0,False,False,False,False,False
73,14i9tgh,nba,/r/nba/comments/14i9tgh/victor_wembanyama_couldnt_ask_for_better_role/,krypto_the_husk,[Victor Wembanyama] Couldn’t ask for better role models 🖤,2719,0.97,362,:mia-2: [MIA] Duncan Robinson,1687658035.0,False,1687666013.0,False,False,False
74,14iaat3,rareinsults,/r/rareinsults/comments/14iaat3/panini_head_please_dont_be_a_repost/,longestIndent740,Panini head (please don’t be a repost),2579,0.96,22,,1687659505.0,False,False,False,False,False
75,14i8ya4,anime_irl,/r/anime_irl/comments/14i8ya4/anime_irl/,Not_So_UwU,anime_irl,3176,0.97,50,,1687655454.0,False,False,False,False,False
76,14i1lex,woahdude,/r/woahdude/comments/14i1lex/this_turtle_is_just_chilling_and_making_bubbles/,fabioke,This turtle is just chilling and making bubbles,10741,0.96,250,,1687635538.0,False,False,False,False,False
77,14i32qg,WinStupidPrizes,/r/WinStupidPrizes/comments/14i32qg/cyclist_brake_checks_a_bus/,DevilCanyon,Cyclist brake checks a bus,8565,0.93,449,,1687639357.0,False,False,False,False,False
78,14i6rcs,animememes,/r/animememes/comments/14i6rcs/unwanted_rizz/,Con___artist,Unwanted rizz,4926,0.93,68,,1687649104.0,False,False,False,False,False
79,14iamye,technicallythetruth,/r/technicallythetruth/comments/14iamye/it_does_indeed_look_just_like_ahem_a_quarter_note/,LucidCunning,It does indeed look just like... *ahem...* a quarter note.,2344,0.96,126,,1687660550.0,False,False,False,False,False
80,14i7l0v,StupidFood,/r/StupidFood/comments/14i7l0v/for_the_pasta_lovers/,BlessDisMess,For the pasta lovers 🇮🇹,3802,0.91,742,,1687651379.0,False,False,False,False,False
81,14ibyo6,TaylorSwift,/r/TaylorSwift/comments/14ibyo6/taylor_urged_fans_during_tonights_acoustic_set/,baeeeee91,"Taylor urged fans during tonight’s acoustic set, not to bully anyone online ahead of Speak Now’s release.",1795,0.94,420,":midnights: Ask me why so many fade, but I’m still here",1687664768.0,False,False,False,False,False
82,14i414x,WhatsWrongWithYourCat,/r/WhatsWrongWithYourCat/comments/14i414x/my_cat_is_possessed_by_some_demon/,too_rxcklxss,My cat is possessed by some demon,6649,0.97,196,,1687641768.0,False,False,False,False,False
83,14i7zds,MadeMeSmile,/r/MadeMeSmile/comments/14i7zds/had_one_of_the_most_untraditional_weddings_we_can/,SheepDog91,"Had one of the most untraditional weddings we can think of, and we couldn't be happier. ,(OC)",13133,0.9,936,,1687652526.0,False,False,False,False,False
84,14i2lwa,videos,/r/videos/comments/14i2lwa/fucking_rick_astley_absolutely_killing_it_at/,Johannes_Keppler,Fucking Rick Astley absolutely killing it at fucking Glastonbury today with the 36 year old song we all know by fucking heart!,9204,0.85,604,,1687638124.0,False,False,False,False,False
85,14iajqz,facepalm,/r/facepalm/comments/14iajqz/im_completely_innocent_if_you_ignore_all_the/,MichelineDuke,"I'm completely innocent, if you ignore all the evidence.",6388,0.94,480,,1687660268.0,False,False,False,False,False
86,14i9o6c,shittyfoodporn,/r/shittyfoodporn/comments/14i9o6c/pick_your_poison/,Ok-Software5073,Pick your poison,2495,0.91,990,,1687657592.0,False,False,False,False,False
87,14i6w4a,lgbt,/r/lgbt/comments/14i6w4a/i_got_engayged_to_my_boyfriend_at_baltimore_pride/,whitmanpatroclus,"I got enGAYged to my boyfriend at Baltimore pride!!! I’m lucky I’m gay, it means I get to spend the rest of my life with him",3837,0.91,131,:Gay_Man_5_stripe: Havin' A Gay Time!,1687649449.0,False,False,False,False,False
88,14i9o4x,popculturechat,/r/popculturechat/comments/14i9o4x/margot_robbie_barbie_press/,HotChiTea,Margot Robbie / Barbie Press 🥵,2374,0.97,80,Good to hear from you bitch,1687657589.0,False,False,False,False,False
89,14i0pkb,CrazyFuckingVideos,/r/CrazyFuckingVideos/comments/14i0pkb/wagner_soldiers_purchasing_some_vodka_before/,doughb0ii,Wagner soldiers purchasing some vodka before their final push onto Moscow,11266,0.94,387,,1687633262.0,False,False,False,False,False
90,14i98px,wholesome,/r/wholesome/comments/14i98px/what_doin_baby/,GainRepulsive977,What doin’ baby?,2579,0.98,41,,1687656311.0,False,False,False,False,False
91,14ibnv2,PeterExplainsTheJoke,/r/PeterExplainsTheJoke/comments/14ibnv2/petah_i_dont_drink_alcohol/,IslamLover69,Petah I don’t drink alcohol,1730,0.97,63,,1687663800.0,False,False,False,False,False
92,14i6oaw,LeopardsAteMyFace,/r/LeopardsAteMyFace/comments/14i6oaw/conservative_black_labor_union_supporter/,reddits_lead_pervert,"Conservative Black Labor Union supporter complains that ""anti-woke"" politicians that he would normally support only offer ""anti-woke"" ideas and nothing else useful as a platform",3707,0.97,143,,1687648872.0,False,False,False,False,False
93,14i1rfx,aww,/r/aww/comments/14i1rfx/john_oliver_makes_an_awwdorable_muppet/,QuicklyThisWay,John Oliver makes an awwdorable muppet,10173,0.78,251,,1687635964.0,False,False,False,False,False
94,14i8lzl,AITAH,/r/AITAH/comments/14i8lzl/aitah_for_not_telling_my_wife_i_got_a_vasectomy/,Power-H,AITAH for not telling my wife I got a vasectomy?,2705,0.94,1061,,1687654426.0,False,False,False,False,False
95,14i5xs4,fightporn,/r/fightporn/comments/14i5xs4/country_boys_go_at_it_0/,studiousbeanr,Country boys go at it :0,4066,0.93,390,,1687646845.0,False,False,False,False,False
96,14ig9vn,ValorantCompetitive,/r/ValorantCompetitive/comments/14ig9vn/fnatic_vs_evil_geniuses_champions_tour_2023/,rib-gg-bot,FNATIC vs Evil Geniuses / Champions Tour 2023: Masters Tokyo - Playoffs / Post-Match Thread,714,0.97,732,:KAYO: Post-Match Thread Bot,1687679484.0,False,False,False,False,False
97,14id4ee,UpliftingNews,/r/UpliftingNews/comments/14id4ee/most_unionized_us_rail_workers_now_have_new_sick/,Karmanacht,Most unionized US rail workers now have new sick leave,1237,0.97,34,,1687668559.0,False,False,False,False,False
98,14i57ez,TwoSentenceHorror,/r/TwoSentenceHorror/comments/14i57ez/i_had_always_dreamed_of_traveling_the_world_with/,SRH_64,"I had always dreamed of traveling the world with my boyfriend, meeting new people every day.",4568,0.95,53,,1687644863.0,False,False,False,False,False
99,14ib4q8,Satisfyingasfuck,/r/Satisfyingasfuck/comments/14ib4q8/this_automatically_adjusting_oxygen_mask_for/,EducationalAeries,This automatically adjusting oxygen mask for pilots,1725,0.97,51,,1687662087.0,False,False,False,False,False
100,14i828a,ATBGE,/r/ATBGE/comments/14i828a/saw_this_and_thought_you_guys_would_appreciate_it/,RandomFPVPilot,Saw this and thought you guys would appreciate it,2726,0.94,91,,1687652764.0,False,False,False,False,False
