rank,id,subreddit,permalink,author,title,score,upvote_ratio,num_comments,author_flair_text,created_utc,over_18,edited,stickied,locked,is_original_content
1,14mls3d,Damnthatsinteresting,/r/Damnthatsinteresting/comments/14mls3d/scuba_divers_find_oarfish/,moistureon,Scuba divers find oarfish,26807,0.95,967,,1688086110.0,False,False,False,False,False
2,14mndix,mildlyinfuriating,/r/mildlyinfuriating/comments/14mndix/got_charged_9k_for_doctor_to_tell_me_it_was_just/,Carlpoppa1738,"Got charged 9k for doctor to tell me it was just period cramps, and after going to another doctor it was a ruptured ovarian cyst",11603,0.96,1365,,1688090665.0,False,False,False,False,False
3,14mmgbx,facepalm,/r/facepalm/comments/14mmgbx/what_does_woke_even_mean_anymore/,ResponsibilityTrue74,What does “woke” even mean anymore?,19826,0.92,3305,,1688088014.0,False,False,False,False,False
4,14mn5f1,funny,/r/funny/comments/14mn5f1/an_apology/,TheDutchYeti,An apology,9993,0.93,340,,1688090039.0,True,False,False,False,False
5,14mkswk,MadeMeSmile,/r/MadeMeSmile/comments/14mkswk/repost_from_earlier_i_finally_can_afford_to_fix/,kala1234567890,Repost from earlier - I finally can afford to fix my teeth after a childhood of no dental help.,28831,0.88,977,,1688083379.0,False,False,False,False,False
6,14mo2g0,wallstreetbets,/r/wallstreetbets/comments/14mo2g0/the_future_of_investment_expertise/,AdMaleficent2789,The Future of investment expertise,6976,0.97,202,Sideline Shit Talker,1688092713.0,False,False,False,False,False
7,14miial,worldnews,/r/worldnews/comments/14miial/ukrainian_soldiers_say_they_owe_lives_to/,NG06,Ukrainian soldiers say they owe lives to US-supplied Bradley vehicles,20470,0.93,1341,,1688077518.0,False,False,False,False,False
8,14mj3uj,todayilearned,/r/todayilearned/comments/14mj3uj/til_that_despite_a_growing_population_full_time/,kw0711,"TIL that despite a growing population, full time college enrollment peaked in 2010 and has been dropping ever since",15591,0.97,645,,1688079023.0,False,False,False,False,False
9,14mijfl,WhitePeopleTwitter,/r/WhitePeopleTwitter/comments/14mijfl/who_didnt_win_the_popular_vote/,ohnoh18,Who didn't win the popular vote,16251,0.96,297,,1688077594.0,False,False,False,False,False
10,14mhyjd,oddlysatisfying,/r/oddlysatisfying/comments/14mhyjd/reviving_a_very_old_parquet_flooring_hidden_under/,uchman365,Reviving a very old parquet flooring hidden under a carpet,24763,0.95,481,,1688076194.0,False,False,False,False,False
11,14mian8,LateStageCapitalism,/r/LateStageCapitalism/comments/14mian8/minimum_wage/,bad1o8o,minimum wage,14233,0.97,180,,1688077020.0,False,False,False,False,False
12,14mgrz0,antiwork,/r/antiwork/comments/14mgrz0/south_parks_creators_have_eliminated_tipping_at/,thisisinsider,South Park's creators have eliminated tipping at Denver's famed Casa Bonita. Servers now make $30 an hour — and some are mad.,32333,0.94,2717,,1688073351.0,False,False,False,False,False
13,14mnor1,cursedcomments,/r/cursedcomments/comments/14mnor1/cursed_sub/,ultimately_normal51,Cursed_sub,6425,0.97,312,,1688091585.0,False,False,False,False,False
14,14mhi1l,clevercomebacks,/r/clevercomebacks/comments/14mhi1l/texas_come_get_your_drunk_uncle/,whenitpours3,Texas come get your drunk uncle,19409,0.94,562,,1688075092.0,False,False,False,False,False
15,14mi28u,PublicFreakout,/r/PublicFreakout/comments/14mi28u/waste_management_in_florida_continually_refusing/,LeeroyM,Waste Management in Florida continually refusing to collect gay man's trash.,16808,0.86,1517,,1688076449.0,False,False,False,False,False
16,14mjevm,Breath_of_the_Wild,/r/Breath_of_the_Wild/comments/14mjevm/my_5yr_old_finally_pulled_the_master_sword_today/,Overlay,My 5yr old finally pulled the Master Sword today. He was so excited!,10213,0.94,328,,1688079793.0,False,False,False,False,False
17,14mkgzb,therewasanattempt,/r/therewasanattempt/comments/14mkgzb/to_stay_awake_at_work/,Kalunda2,To stay awake at work.,9021,0.93,1181,,1688082542.0,False,False,False,False,False
18,14mgprl,nextfuckinglevel,/r/nextfuckinglevel/comments/14mgprl/lucky_dude_lost_at_sea_found_by_family/,poyoso,Lucky dude lost at sea found by family!,25264,0.95,667,,1688073210.0,False,False,False,False,False
19,14mmtuz,oddlyterrifying,/r/oddlyterrifying/comments/14mmtuz/out_of_nowhere_alone_and_abandoned/,Homunculus_316,"Out of nowhere, alone and abandoned",5386,0.96,187,,1688089105.0,False,False,False,False,False
20,14mgsao,news,/r/news/comments/14mgsao/man_with_weapons_and_jan_6_warrant_arrested_after/,GonzoVeritas,Man with weapons and Jan. 6 warrant arrested after running toward Obamas' D.C. home - CBS News,16402,0.94,894,,1688073375.0,False,False,False,False,False
21,14mgtyl,BrandNewSentence,/r/BrandNewSentence/comments/14mgtyl/kirby_has_no_ankles_because_the_goddess_athena/,SovietPanzerCopter,Kirby has no ankles because the Goddess Athena saw what became of Achilles...,15682,0.97,100,How to train your sentence,1688073485.0,False,False,False,False,False
22,14mji2l,nba,/r/nba/comments/14mji2l/charles_barkley_surprises_congratulates_ernie/,NokCha_,Charles Barkley Surprises & Congratulates Ernie Johnson for getting into the Sports Broadcasting Hall of Fame live on TV,7336,0.99,320,:gsw-5: Warriors,1688080012.0,False,False,False,False,False
23,14mje7t,PoliticalHumor,/r/PoliticalHumor/comments/14mje7t/you_dont_need_that_ladder/,flyart,You don't need that ladder,7720,0.87,411,,1688079747.0,False,False,False,False,False
24,14mfv16,Whatcouldgowrong,/r/Whatcouldgowrong/comments/14mfv16/hey_jorge_how_much_you_pay_for_the_new_guy/,the89delta,“Hey Jorge. How much you pay for the new guy?”,16115,0.95,586,,1688071221.0,False,False,False,False,False
25,14mfzk5,tumblr,/r/tumblr/comments/14mfzk5/who_is_this_fool_who_does_not_know_what_a/,Justthisdudeyaknow,Who is this fool who does not know what a mountain is?,16252,0.98,404,,1688071517.0,False,False,False,False,False
26,14mhpyf,CrackheadCraigslist,/r/CrackheadCraigslist/comments/14mhpyf/tv_mount/,throfoed69,tv mount,11720,0.95,331,,1688075635.0,False,False,False,False,False
27,14me7e1,technicallythetruth,/r/technicallythetruth/comments/14me7e1/heart_rate_at_987_c/,Administrative-Day76,Heart rate at 98.7° C,30978,0.98,374,,1688067366.0,False,False,False,False,False
28,14mhda1,ThatsInsane,/r/ThatsInsane/comments/14mhda1/a_17_years_old_boy_got_shot_and_killed_by_a/,Gibrar,"A 17 years old boy got shot and killed by a policeman while fleeing from a police check in France, and this is what the whole country looks like 48h later.",9584,0.93,1222,,1688074774.0,False,False,False,True,False
29,14mejzc,doordash,/r/doordash/comments/14mejzc/our_door_dasher_didnt_like_our_no_soliciting_sign/,meowthv,Our door dasher didn’t like our no soliciting sign lol,28426,0.87,2856,,1688068178.0,False,False,True,False,False
30,14mlman,trees,/r/trees/comments/14mlman/so_high_rn_made_a_cheese_and_rice_sandwich_its_so/,FPGN,"So high rn, made a cheese and rice sandwich , it's so good",4075,0.92,468,,1688085664.0,False,False,False,False,False
31,14miyf8,technology,/r/technology/comments/14miyf8/reddit_is_going_to_remove_mods_of_private/,marketrent,Reddit is going to remove mods of private communities unless they reopen — ‘This is a courtesy notice to let you know that you will lose moderator status in the community by end of week.’,6103,0.95,884,,1688078637.0,False,False,False,False,False
32,14mlsdf,facepalm,/r/facepalm/comments/14mlsdf/nyc_woman_84_who_eric_adams_compared_to_slave/,coochalini,"NYC woman, 84, who Eric Adams compared to slave owner is tenant advocate who fled Nazis",7896,0.97,528,,1688086134.0,False,False,False,False,False
33,14ml53h,StupidFood,/r/StupidFood/comments/14ml53h/ok_but_its_also_kind_of_impressive/,MadOvid,Ok but... It's also kind of impressive.,4253,0.94,352,,1688084320.0,False,False,False,False,False
34,14mghio,apolloapp,/r/apolloapp/comments/14mghio/been_using_apollo_exclusively_to_browse_reddit/,iliketurtles223,"Been using Apollo exclusively to browse Reddit since 2016, farewell old friend",8378,0.96,314,,1688072675.0,False,False,False,False,False
35,14ml7zn,MadeMeSmile,/r/MadeMeSmile/comments/14ml7zn/after_13_years_of_higher_education_i_finally/,tfburns,"After 13 years of higher education, I finally became a Dr!",9663,0.96,452,,1688084542.0,False,False,False,False,False
36,14mhrkw,memes,/r/memes/comments/14mhrkw/its_medieval_sudoku_time/,thexbeatboxer,It’s Medieval Sudoku time,10036,0.96,92,,1688075743.0,True,False,False,False,False
37,14mc4a1,politics,/r/politics/comments/14mc4a1/prosecutors_are_prepared_to_hit_trump_and_his/,theindependentonline,"Prosecutors are prepared to hit Trump and his allies with new charges, sources say",29004,0.93,1848,The Independent,1688062398.0,False,False,False,False,False
38,14mmzrd,WhitePeopleTwitter,/r/WhitePeopleTwitter/comments/14mmzrd/every_centrist_on_twitter_is_like/,mlynnnnn,"every ""centrist"" on twitter is like:",5631,0.97,345,,1688089584.0,False,False,False,False,False
39,14mnpvt,diablo4,/r/diablo4/comments/14mnpvt/blizzard_we_are_a_us_based_company_china_does_not/,ChanceSize9153,"Blizzard: We are a US based company, China does not own us. Also Blizzard:",2595,0.85,260,,1688091670.0,False,False,False,False,False
40,14mcggo,wholesomememes,/r/wholesomememes/comments/14mcggo/dont_know_if_it_fits_here/,HumanistChavez787,Don’t know if it fits here!,30074,0.94,311,,1688063199.0,False,False,False,False,False
41,14mctxp,cats,/r/cats/comments/14mctxp/sweet_boy_is_3_12_weeks_today/,Planet-of-the-ood,Sweet boy is 3 1/2 weeks today,16891,0.97,344,,1688064111.0,False,False,False,False,False
42,14mgyng,IllegallySmolCats,/r/IllegallySmolCats/comments/14mgyng/someone_said_hes_illegalysmolcats_material_so/,Planet-of-the-ood,Someone said he’s illegalysmolcats material so ☺️ here is dumpling ❤️,7062,0.96,145,,1688073793.0,False,False,False,False,False
43,14mhm3l,WTF,/r/WTF/comments/14mhm3l/what_are_you_doing_with_this_coming_straight_at/,Amy_Cole,What are you doing with this coming straight at you?,6183,0.95,1037,,1688075365.0,False,False,False,False,False
44,14mlpk9,Damnthatsinteresting,/r/Damnthatsinteresting/comments/14mlpk9/my_new_apartment_is_across_the_street_from_the/,BurritoSupreme420,My new apartment is across the street from the oldest Mcdonalds in the world,6697,0.97,435,,1688085918.0,False,False,False,False,False
45,14mkle6,comics,/r/comics/comments/14mkle6/stiff_competition/,MrLovens,Stiff Competition,3958,0.95,63,Mr. Lovenstein,1688082858.0,False,False,False,False,False
46,14mg7e4,ImTheMainCharacter,/r/ImTheMainCharacter/comments/14mg7e4/why_i_just_dont_understand/,k3wfr,"Why, I just don’t understand",8050,0.91,1568,,1688072030.0,False,False,False,False,False
47,14mmu0x,ukraine,/r/ukraine/comments/14mmu0x/ukrainian_soldiers_say_they_owe_lives_to/,TurretLauncher,Ukrainian soldiers say they owe lives to US-supplied Bradley vehicles,2775,0.98,162,,1688089119.0,False,False,False,False,False
48,14mgi1g,trashy,/r/trashy/comments/14mgi1g/they_seem_nice/,Plane-Active-3153,They seem nice,7497,0.94,312,,1688072710.0,False,False,False,False,False
49,14mj7f2,HolUp,/r/HolUp/comments/14mj7f2/i_mean/,Bright-Repeat-4616,I mean…,5147,0.97,153,,1688079274.0,False,False,False,False,False
50,14ml7hb,Superstonk,/r/Superstonk/comments/14ml7hb/ryan_cohen_on_twitter/,4four7,RYAN COHEN on twitter,4253,0.94,391,🎮7four1💜,1688084501.0,False,False,False,False,False
51,14mggxs,NonPoliticalTwitter,/r/NonPoliticalTwitter/comments/14mggxs/pour_one_out_for_my_man/,lhomme21,Pour one out for my man,7053,0.96,30,:blue1::blue2::1111::1112:,1688072636.0,False,False,False,False,False
52,14ml90a,lotrmemes,/r/lotrmemes/comments/14ml90a/plot_twist_samwise_the_savage/,Affectionate-Sun3184,"Plot twist, Samwise the savage.",3397,0.97,86,,1688084622.0,False,False,False,False,False
53,14mcbw5,pics,/r/pics/comments/14mcbw5/spotted_john_oliver_being_a_supportive_king_at_a/,minig24543,Spotted John Oliver being a supportive king at a WGA protest today!,18178,0.87,359,,1688062887.0,False,False,False,False,False
54,14mm9iq,cursedcomments,/r/cursedcomments/comments/14mm9iq/cursed_flight/,RivaldoFTW,Cursed flight,7293,0.98,113,,1688087455.0,False,False,False,False,False
55,14mf5is,texas,/r/texas/comments/14mf5is/a_texas_family_passed_up_millions_to_turn_their/,tledwar,A Texas Family Passed Up Millions to Turn Their Ranch Into a Nature Preserve,8159,0.95,244,,1688069566.0,False,False,False,False,False
56,14mcpj3,Plumbing,/r/Plumbing/comments/14mcpj3/about_lost_my_apprentice_today_to_these_damn/,NoCopy3869,"About lost my apprentice today to these damn things. Ya’ll take it easy on these things, drink WATER.",12320,0.94,1529,,1688063814.0,False,False,False,False,False
57,14ma4yg,gaming,/r/gaming/comments/14ma4yg/why_in_game_cutscenes_are_great/,Sleepy_Mice,Why In game cutscenes are great.,33250,0.94,438,,1688057717.0,False,False,False,False,False
58,14ml00z,instantkarma,/r/instantkarma/comments/14ml00z/she_landed_real_nice_real_proper/,uenomo,"She landed real nice, real proper.",3130,0.96,116,,1688083928.0,False,False,False,False,False
59,14mm4yx,Hololive,/r/Hololive/comments/14mm4yx/pako_is_the_artist_of_vespers_20_model/,dcresistance,PAKO is the artist of Vesper's 2.0 model!,2616,0.92,223,:Kiara::Inanis::Polka::Gura::Sana:,1688087097.0,False,False,False,False,False
60,14mi7es,uber,/r/uber/comments/14mi7es/following_up_on_my_29k_charge_from_uber_i_just/,Executive-111,Following up on my 29k charge from Uber. I just tweeted it.,4428,0.97,339,,1688076814.0,False,False,False,False,False
61,14ml3ln,AnimalsBeingJerks,/r/AnimalsBeingJerks/comments/14ml3ln/selling_them_dirt_cheap/,Cultural_Magician105,Selling them dirt cheap ....,2942,0.96,56,,1688084207.0,False,False,False,False,False
62,14ma5wr,OldSchoolCool,/r/OldSchoolCool/comments/14ma5wr/mitch_hedberg_on_late_night_with_david_letterman/,Seraphenigma,Mitch Hedberg on Late Night with David Letterman (1998),19881,0.94,898,,1688057778.0,False,False,False,False,False
63,14mj77m,freefromwork,/r/freefromwork/comments/14mj77m/corporate_greed_is_out_of_control/,LegalInvestmen,Corporate greed is out of control,3770,0.96,60,,1688079259.0,False,False,False,False,False
64,14mfiva,whenthe,/r/whenthe/comments/14mfiva/cant_catch_me/,I-Say-Im-Dirty-Dan,Can't catch me,8112,0.96,167,trollface -> :troll:,1688070429.0,False,False,False,False,False
65,14mlis3,maybemaybemaybe,/r/maybemaybemaybe/comments/14mlis3/maybe_maybe_maybe/,MaRkInHo__,Maybe maybe maybe,2732,0.96,166,,1688085381.0,False,False,False,False,False
66,14mo85h,LivestreamFail,/r/LivestreamFail/comments/14mo85h/cdawgvas_charity_auction_ends_with_328k_raised/,DiaGuy_,CDawgVA's Charity Auction ends with 328k raised for the Immune Deficiency Foundation and 14k for Make-a-Wish,1761,0.94,71,:HYPERS:,1688093189.0,False,False,False,False,False
67,14mbak7,nottheonion,/r/nottheonion/comments/14mbak7/microscopic_handbag_smaller_than_a_grain_of_salt/,KeriEPearson,"Microscopic handbag ""smaller than a grain of salt"" has been sold for $63,750 (£50,569) at auction",14429,0.93,831,,1688060456.0,False,False,False,False,False
68,14mcigf,inthenews,/r/inthenews/comments/14mcigf/gop_had_evidence_disproving_biden_bribery_claims/,PandaMuffin1,"GOP had evidence disproving Biden bribery claims in 2019, top Democrat says",9797,0.91,276,,1688063341.0,False,False,False,True,False
69,14mi7b0,weddingdress,/r/weddingdress/comments/14mi7b0/wedding_day_look/,Montanadragon,Wedding Day Look,4194,0.95,230,,1688076806.0,False,False,False,False,False
70,14mkw6f,fightporn,/r/fightporn/comments/14mkw6f/dude_catches_guy_that_put_hands_on_his_sister/,Icarus2515,Dude Catches Guy That Put Hands on His Sister,2830,0.97,244,,1688083624.0,False,False,False,False,False
71,14mkoqf,SelfAwarewolves,/r/SelfAwarewolves/comments/14mkoqf/boycotting_cancel_culture/,trickyelf,Boycotting Cancel Culture,2876,0.96,57,,1688083104.0,False,False,False,False,False
72,14mhuiw,NoStupidQuestions,/r/NoStupidQuestions/comments/14mhuiw/why_doesnt_the_irs_just_send_you_a_bill_stating/,needs_more_yoy,Why doesn't the IRS just send you a bill stating how much you owe?,4165,0.94,894,,1688075952.0,False,False,False,False,False
73,14mdv7y,DIY,/r/DIY/comments/14mdv7y/nursery_mural_done/,Glum_Dog4432,Nursery mural done!,7158,0.96,114,,1688066569.0,False,False,False,False,False
74,14m9465,meirl,/r/meirl/comments/14m9465/meirl/,BellyCrawler,Meirl,27373,0.97,320,,1688055253.0,False,False,False,False,False
75,14m9jad,ProgrammerHumor,/r/ProgrammerHumor/comments/14m9jad/whyrubitin/,huxx__,whyRubItIn,19567,0.97,211,,1688056252.0,False,False,False,False,False
76,14mj2hj,AbsoluteUnits,/r/AbsoluteUnits/comments/14mj2hj/fish/,_swuaksa8242211,fish,3419,0.95,258,,1688078930.0,False,False,False,False,False
77,14m8txp,Eyebleach,/r/Eyebleach/comments/14m8txp/all_of_my_cats_tilt_their_heads_at_the_same_angle/,brazilianblowjob,All of my cats tilt their heads at the same angle when I talk to them,25421,0.95,340,,1688054572.0,False,False,False,False,False
78,14mmbxz,hockey,/r/hockey/comments/14mmbxz/robenhymer_tyler_peddle_the_last_player_selected/,Benchamb,"[Robenhymer] Tyler Peddle, the last player selected at the NHL Draft, didn’t leave his seat all day because he didn’t want to miss his name being called. Columbus traded to get the pick and Tyler said “I’m going to make it worth it. All I needed was a chance. I’ll work hard to prove them right.”",2074,0.97,140,,1688087666.0,False,False,False,False,False
79,14mdhao,oddlysatisfying,/r/oddlysatisfying/comments/14mdhao/a_guy_fixing_the_tv/,3askaryyy,A guy fixing the TV ,26188,0.94,528,,1688065645.0,False,False,False,False,False
80,14mbq2o,PeterExplainsTheJoke,/r/PeterExplainsTheJoke/comments/14mbq2o/what_am_i_missing_here_petah/,CandieFitzwilly,What am I missing here Petah?,12760,0.94,494,,1688061486.0,False,False,False,False,False
81,14mp7jp,MaliciousCompliance,/r/MaliciousCompliance/comments/14mp7jp/you_want_me_to_work_95_got_it/,lawdiscord,You want me to work 9-5? Got it.,1331,0.97,78,,1688096135.0,False,1688096778.0,False,False,True
82,14mddf1,AnimalsBeingBros,/r/AnimalsBeingBros/comments/14mddf1/every_day_we_witness_beautiful_connections/,sproggs44,"Every day we witness beautiful connections between our residents. Tam, a beloved member of Sara Morocco for 9 long years. He is a  blind dog with Ehlers-Danlos syndrome. They graciously gift him with moments of gentle care and unwavering affection.",7066,0.97,55,,1688065396.0,False,False,False,False,False
83,14mc1s2,2meirl4meirl,/r/2meirl4meirl/comments/14mc1s2/2meirl4meirl/,hornmelon,2meirl4meirl,9062,0.98,98,,1688062231.0,False,False,False,False,False
84,14mop33,h3h3productions,/r/h3h3productions/comments/14mop33/howie_finally_apologized/,Sianallama,Howie finally apologized!,1403,0.97,106,,1688094567.0,False,False,False,False,False
85,14mg14d,nba,/r/nba/comments/14mg14d/charania_just_in_james_harden_is_opting_into_his/,SpiritedSuccess5675,"[Charania] JUST IN: James Harden is opting into his $35.6 million deal for next season – in order for the 10-time All-Star and the 76ers to work together on a trade out of Philadelphia, league sources tell @TheAthletic @Stadium.",9783,0.95,1821,:lal-2: Lakers,1688071620.0,False,False,False,False,False
86,14mhnbs,TikTokCringe,/r/TikTokCringe/comments/14mhnbs/please_be_staged/,jaygunryu,Please be staged,3973,0.9,330,,1688075450.0,False,False,False,False,False
87,14memm0,CombatFootage,/r/CombatFootage/comments/14memm0/ukrainian_himars_taking_out_battery_of_russian/,tomina69,Ukrainian HIMARS taking out battery of russian MSTA-S self-propelled howitzers,5570,0.96,409,,1688068344.0,False,False,False,False,False
88,14m8sdq,movies,/r/movies/comments/14m8sdq/dune_part_two_official_trailer_2/,ICumCoffee,Dune: Part Two | Official Trailer 2,19531,0.92,2448,,1688054481.0,False,False,False,False,False
89,14mfunj,aww,/r/aww/comments/14mfunj/state_of_the_sub_right_now/,marehori,State of the sub right now,4918,0.83,137,,1688071203.0,False,False,False,False,False
90,14ml4kj,worldnews,/r/worldnews/comments/14ml4kj/mystery_in_moscow_as_russian_bank_vicepresident/,ArtLover357,Mystery In Moscow As Russian Bank Vice-President ‘Falls Out Of A Window’,4138,0.97,494,,1688084281.0,False,False,False,False,False
91,14mcyim,shittymoviedetails,/r/shittymoviedetails/comments/14mcyim/to_prepare_for_his_role_in_the_witcher_liam/,pale_guy_,"To prepare for his role in The Witcher, Liam Hemsworth went on a diet which includes devouring books.",8492,0.95,278,,1688064416.0,False,False,False,False,False
92,14mlo33,TwoSentenceHorror,/r/TwoSentenceHorror/comments/14mlo33/my_husband_will_be_home_any_minute_and_hes_gonna/,W0nk0_the_Sane00,“My husband will be home any minute and he’s gonna kick your ass!” she said to the man who had just broken into her home.,2143,0.93,90,,1688085804.0,False,False,False,False,False
93,14mrddv,vancouver,/r/vancouver/comments/14mrddv/16_yearold_missing_hiker_in_golden_ears_found/,Flames06,16 year-old Missing Hiker in Golden Ears found ALIVE,865,0.98,98,,1688102944.0,False,False,False,False,False
94,14ml6vf,baseball,/r/baseball/comments/14ml6vf/after_germans_perfecto_a_rarity_graph_of_baseball/,jabar18,"After German’s Perfecto, a Rarity Graph of Baseball Events!",2187,0.97,539,New York Mets :nym3:,1688084457.0,False,False,False,False,False
95,14mmj46,BlackPeopleTwitter,/r/BlackPeopleTwitter/comments/14mmj46/cant_help_it/,Annual_Bodybuilder_6,Can’t help it,1789,0.97,41,,1688088239.0,False,False,False,False,False
96,14mjep0,SuddenlyGay,/r/SuddenlyGay/comments/14mjep0/tattoo_artist_just_doing_his_job/,sexONaStDick,Tattoo artist just doing his job,2826,0.96,70,,1688079782.0,True,False,False,False,False
97,14mdg7z,technicallythetruth,/r/technicallythetruth/comments/14mdg7z/he_did_indeed_swear/,X-Pods,He did indeed swear,24569,0.96,110,,1688065572.0,False,False,False,False,False
98,14mc8lg,pettyrevenge,/r/pettyrevenge/comments/14mc8lg/my_dad_trans_has_discovered_how_to_beat/,WerdaVisla,My dad (trans) has discovered how to beat transphobes in the south.,29194,0.68,906,,1688062682.0,False,1688088143.0,False,True,False
99,14mlz16,bi_irl,/r/bi_irl/comments/14mlz16/biirl/,NoSocietys,bi🤔irl,1905,0.97,49,,1688086659.0,False,False,False,False,False
100,14mn9bd,HumansBeingBros,/r/HumansBeingBros/comments/14mn9bd/nieces_needed_help_rescuing_ducklings_that_fell/,PenaMan1987,Nieces needed help rescuing ducklings that fell down the drain,1539,0.97,31,,1688090355.0,False,False,False,False,False
